16838  5758 10113 17515 31051  5627 23010  7419 16212  4086  2749 12767 
 9084 12060 32225 17543 25089 21183 25137 25566 26966  4978 20495 10311 
11367 30054 17031 13145 19882 25736 30524 28505 28394 22102 24851 19067 
12754 11653  6561 27096 13628 15188 32085  4143  6967 31406 24165 13403 
25562 24834 31353   920 10444 24803  7962 19318  1422 31327 10457  1945 
14479 29983 18751  3894 18670  8259 16248  7757 15629 13306 28606 13990 
11738 12516  1414  5262 17116 22825  3181 13134 25343  8022 11233  7536 
 9760  9979 29071  1201 21336 13061 22160 24005 30729  7644 27475 31693 
25514 14139 22088 26521  5202  9171  4434 28317 24582  6815  4586  9653 
26306  7174 18451 23448  6473 32434  8193 14110 24748 28210 29320 32049 
12956 14162  4166 14997  7793 32310 21391 19799  7926 14905 25885  2582 
15610  5000  8052 30965 20120 32380 15639 26204 24385 12475 15725 17265 
 3214 19471 11376  4697 25543 23297 14619 23087  3123 31549 18065 24256 
18973 20901 25613  6157  9899  9267 22413  9598 18526 13711 10046 14566 
18536 15988 19878 13626  4273  8387  1171 32017  3752 12388 21191 11483 
18122 11744 18528 15585  5363 20159  5641 18176  9575 28578 27363 27685 
29344 19489 17713  5511 21461 22626  8645  3496 26703  6270 13870 11529 
27499  4500  8607  5808 12457 16542 16474 11531 17222  3952 17024 19894 
24015 18247 11276 26278 19365  8746 21976 18092 25851 29088 29163  2231 
26233 29732 21106  5411  9874  5448  9344 27589 17574  1191  6789   695 
11735 20364 17040 17892  5035 26979  1092   850 12390 20195   668 20531 
29989 12281 23902 12970 32186 19571  3680  7261 26187 28529 24190   446 
24233 13708 11863  6681  6001  2499  3786  5214 25829  1322 25907 19628 
13192  7505  5990 20129 10875 19829 31591  6042  9833  1775  4719   342 
28994 31392 20509 31313 20677  1282 11511  4795  3474  6469  2750   879 
30989 30134 29752 28364  4880  5629  2235 21332 24145  3356  5243  3079 
 3988   807 24979 31357   914 21187  3540 14022 10149   609 29009 24833 
16696  5432 24999 28863 16369 28676 24077  7701  1691 19840 28703 16515 
22229 32420 19817 16264 19324 29343  1462 28929  3546 17043 18967   325 
12683 15634  6322 16642 25395 11612 22864 29910 21985 23126 13988   685 
 6978 31050 16476  6365 21126  4193  8681 11011 23058  1249 31247 24731 
28650 20774  7980 20833 27868  7778 23624 11115  1645 15892 29408  7939 
17285 16202 28018 11334  4058  7062  3784 11901  6684 14289 27141 16702 
26853 13458 28528 23363 21087 19052 31235 15109 17075 11755 10675   288 
32053 14157  5222 17488 18945 10294 11200  5171 14305  7951  6601 23608 
 7214  6377 13865 25369 27215  8030   177 16849 11337  2699 23099  8531 
11517 17567 28479  9966  2597 14885 12341 15227 27149   785 29615  6476 
20753  4236  7730 19668 21210 27519 27608  5142  6999 20449 14246 18638 
 2941 12481 23726 16738 26047 28947  3300 21639 17996 23866 14785 27571 
25356 12633 27289 20551 20312 14426  7357  8056 16252 20410  2384  4353 
 2029 23579 27882 31882 21577 31368 11502 18902 21012 31365 30379 14256 
19244 27870 13365  9619 27665 21293 29441 19484 12759 15400  6211  4144 
15335 22704 32520 23789 32121 21913 23571 12369  2770  1594   887 18093 
32317 11188 27640  4295 12490 25859  3106 24786 17097  5062 27943 12292 
16846  3962 27584 21352 32044 31695 16498  4714  9737 17346 28482 24064 
24946  9822 19265  2868 12792  3990 19561 16959  9917 29754 22104 25745 
30347 25825 11980 18338 12465 25490 24541 20599  8097 26677   510 15347 
14667 16316 10673  8163 14647 12817 29965 28871 16485  6846 29937  6241 
 5861 24670 28166 26879 27445 30407 11638 31113 11101 22516 28014 13898 
21452  8117  1364 12926 20465 13845 25032  1696 18585 13455    92 18288 
31755 29167 27412 25030 31717 24842 28572 26393 27828 11805  3660  5838 
 9046 18182 23772 12354 15377 22759 22934  1903  6159 26145 10045 26847 
17401 29783  4167   781 24287  2347 23402 19964 14711 10637 20693 29417 
30937 24313 15541  2528 23019 21618  3716  5402 16270 18242  8468 22045 
30602 18286 30559 22674 25146  1019 31243 20197 26870  7908   448  7327 
28485 17622 14890 10883 10943 10701 24682  3524  8895 27276 24798 12511 
25522 24311 25209 26359  2912 28759 17148 26683  2877  8571 12334 16331 
 7324   577   635 26663 17061 20451  9544 16984 28693 19975 10519 21472 
19641  9349 23391 30563 22184 19958    41 27666 25344  2410 28635  1006 
20068 26660 20562 29323 13764 21307  7773 10683  9013  8216 28834 15571 
15241  2303 24754   928  3417 32048 12018 19931 17621 22209 14669 21098 
20555  4662 12444 22109 16760 25574 14544 18339 30610 18189 24549 18320 
24081 25264  6022 24847 19521 24628  7552 20873  4029 32489 13359 31352 
30279  8717 20560 23189  8583   795 10687 26339 23935 27703 27958 10212 
19567 10553 13368 32047 13068 20611  4154 23429 28895 13393 30908  5960 
30169  5462 27323 23929 32149 29305  9149 32724 32584  6224   413 26281 
12389 11357  4887 17532  1555 12299  9490 26460 24911 14183 17412 20961 
20382  3608  5811  7168 20794 12286 13771 27844 11255 29227 26960 27448 
 9086  8526  1211 26131 11552 18627 26110 25149 17828 12559 29668 23050 
15588 17746 12410   791 25985 18737 13952  8576  1375 18485 24922 16941 
 1557 10700 31408  1826  8213 32301 23680 30161 28390 22500 32716  7768 
28079 31599 18949 12421 27804 17717 16490 26228 30112 12016  9512 28751 
 1015  2553 19164  6200 30464  7859 22212 13806 15444  5710 27377 19417 
21994  7341 32706 26839  9707 13593 22820 23236  7254 11688  5003 32203 
 8788 23915  1199 13424 24408  6490 27655 21593 13310  3072 12038  5087 
 1697 23526  7448 17497 15802 19649 30555 25891  1020 18267 14366 23408 
12848 29762 22042 23252 31440 21810 32626 19088 13158  2370  2156 13213 
22434 10193  2541  8766 24112 27574 12206 22418 15373 22113  1582  7670 
23202 18714 13897 32731 19105 20253 24201 29608 29918  4338 11064  1366 
22970 15723 20907 32202 23379  1626 29779  9206 32365 11539 15233 29614 
19999 23205 12028 26186 20029 16343  7237 10497 10377 14564  5540 23808 
  152 28918 22011 15693  6790 16740  5446 18015 16473 18604  6645 15225 
29999  4842  9674 11590 32687  1616 10566 21862  4489 24865 19266  3473 
 4785 29558  1746 19213 23410 25997 19171 12120 17891 29084 15895 29905 
23336 28248 25699 31271  6254 30276   619  6274  1956 14266 23192 12403 
10234 14779  8191  6556 25114  8566 15090 24863  1065 17561 15202   712 
  380  5211  5371  2297 29210   253 16217  3574  6085  8667 25660  8169 
 1393 17558  1232 11377  5916 23512 28685 18476 30617  4304 27738 22353 
 1488 17781  5255  9896 15439  7270  8896 11154  5589 20688 27895 25012 
17798 32485 23871 18351 20053 12885 20469  6584  3662 29030 24321 16428 
32381 11716  4274 19256 17192 30220  6230 32075   975 13335  1180  4157 
18148  1031 30635  8508 19786 28690 17662 28539 10640  7441  4358 22937 
 3818 13255 20093 17873  5107  4850 24807 25893  5652  4252 24526  8980 
31998 31484 12313 26733 16417 27959 13234 23956 13107 24591 12467 27364 
10250 10309  7627 30623 21416 15121 18656  3231 17961  9140 24600 21527 
19695 32343  4700 13919 23942 32691 15245 30591 21049 19330  6281  8573 
21617 17833 16092 18279 18978 21574 27935  4369 16881 22430 31024 24431 
 2998  6382 31225 20853  6446 11941 12436  6233 24703  8297 11392  2637 
31976 24197 21150 13657  3332  2624 13400 25882 27607 26619 11662 18492 
28314 22285 30021 29113 13126 27487  3342 12750 19426  1222 15160   706 
21133    36 31669 12875 24125  5069 18699 12431 31833 13444 23574   908 
15007 22476 24356   316 11308  6350 13101 11510 25770 17626 23310 31076 
23491 13309  9129  1544 19127 31886   740 20435 25482  5531 30713  3889 
28030  9261 19533  9720 20975 28035  9374  8625 18926 27866 13520 20018 
19120  8643 13683  3853 19610  2084 13926 29409 30430 27534  9474 15371 
 8072  5213  2310 14636 16455 10901  9285 10591 27644 27255 24849 10295 
 4356  1766 15206 23931  5190 21885  4310 27809  4347  8301   824 24587 
18752 14871 23056  3075  4957 11885  3773  9592 11785 28517  2166 13351 
 3850  1185 27239 30321 32690  9703 29707  9635 18112 26811 32569 15002 
22165 11750 28651  5521   906  7770 28633 13783 21586  6719 26066  4532 
11719 25949 14089 16148  6735  3548 23116 13445 12371 14824  5804 16549 
18696  9526 12194  9028 22660 28708 24960  5450 13109 24597   323  9535 
 7544  3288 15251 20630 14587 18297 26044 27603    10  2270 31461  7516 
18831 24263  1425 25812 10284  6482 24288  1463  5487 21360 16539 11360 
 1790 26948   605  7407 17223  8150 12838 25713 27391 28826 17002 18813 
 3810 22143 10860 19825 17706 27986  6544 21739  8621 26570   309 18734 
20675  2557  2905  4343 16641 25365 18730  3802 27919 18433 22084 27082 
26439 19675 29607 21095   787 26908 22138 20747 14339 12930  9857 26771 
 6833 23228 26720  6637  1877 23515 20365 23079 32633 13334  7857 20856 
11431 10264  1206 30095 10392 26875  5664  8772 13838 10350   421  3678 
26918  6420 27822 30760 27478 18976   744  8038 25837 22510 21060 21367 
  402  8544 11736  7803 26208    31 23220 10857 13665  3179  5563 18363 
19660 20898  6980 13017 15870 16273  3188 17478 14394 25726 20057 30604 
25377 15345 16071 29928 25840  7750 23283  2486  4219  7412 13265 15259 
30445 22427 19501 25204 22845  5583 15499 29953 13679 12711 14528 29777 
27535  7940 21325  8685 13934  7073  6782 29723 21471 27463 16602 31264 
 2126  5593  9647 29058 32763 12295 22384 30326 21372 12636 18144 30691 
23740 13560 11268  4764 22407  6033 25690 32468  5344 12054  4730 13014 
32745   124 29633   351  5331 29239 15708  4975 14971  5597  3915 17012 
 7827 12723 11802 12728 29069 26889  9722  5210  4106  1801 22421  2523 
24357 28249 14103 10868 29717 17683 26236 18799 22024 11884 22252 28874 
   44 18225 27334 23486 26384 27035 11725  4282 31033  8817  3726  4744 
  412  5491 13880  5060 28792 14064  7189  3661 19195  3794  2167 15449 
   83 20161  6713 28151 25071  9353 14058 22899 16939 30162 15649 14889 
 9454 11737 18262 25288 27940 22938 29537 18062 28090 28896 17128 22077 
18667  4519 27019 12510 30795  5425 20948  9273 18832 23274  1245 14607 
23587 25853 24766 18206  8882 18877 19666 29140  1166 16949  1739 28833 
 5442 26743  6605    50 11291 20133 25043  1707  1914 25534 23964  9318 
19378   276  6372 30190 14015 16896  1989  5373 19540 32169  9743 32470 
11344 30700 24240 20703 16172 16087 26297   967  6661  4426  8948  2706 
 6212 10630 30694 22932  9160 20241 13057 20911  8428  7755 21785 22539 
23318  8265  9664 29358 11414 16023 16975 22679 25235 14000  4533 26523 
29623 18746 10498  7169 30106  8450 27826 26076 31984 11706 31418 30763 
28276 10580 28081 13963 26589  9867 24469 30154 16954  1157 18874 16387 
19236 16020 22748 26692 22275   763 32367 25467 15948 26168 25577 29306 
 7862 10664 16196 26318 23559 23803  2991 18630  9347 21013  8026 17501 
 9836 11543 20488 16765  9924 15469  6295 23317   993 16521 11936 27067 
 5544 29337 23330 19646  6380 30680 26606  5595 25465 28709 16766 20889 
 8254 26215 22480 19697 24964 23572 12552  2490  6891   384  2501  3542 
16169  9958  7999 31007 32130 12856 32549  3599 23303  9638 31032  6449 
 9102   752  3751 25419 28277  5996 31529  6728 13078 31958 13277 23784 
10504 23259 30689 21798 28699 13668 20148  3436 15378 21411  4172 27769 
   30  3038 21238  1038 22047 32766 23282  7772  7578  5846 13869  3704 
15925 31606 17876 15236 16810 30513  6358 16546 16922 10777  3157  6352 
 6659 11657 27200 22494 14989 11063 19260 17389 19797 26892 11089  2729 
 9977  7509  3654 22115  6480 18713  1596 23766 20444  8277 28609 23226 
 3782 30291  2571 15655  3113 26206 23106 14387 14909 13546 29511  6652 
19319  6016 32039 23646 14429 19439 24367 17204 30923 12398  9520   678 
21623 30633  8660 25058   518 14814 17300  5881  8953   860 32392 30121 
25806 25799 10753 15432 26756 16221 23556  9189 26626 11321 17058 10515 
23650 24527 26978 30061 13282  7941 14038 11924  8329 14993 22544 32174 
31585 10301 16555 31008 12829 22475 30666  5591  7402  3260 29451  4760 
 6304 10787  4397 27545 21512 13377 27486  8159 24581  6966 28760  5762 
30083  3523 29880  1051 26183  2715  8724 16523 11061 14499 25048  3672 
11993 30272 14214 16946 12513  6565 20517   140 13612 30625  9716 24223 
11528 15657  4280 19412  5573 10028 25140 20223 28615 30743 30294  8241 
15599 13259  1420 23325 31176  8032 20429 31534 32118   156 27746 32100 
27743 22833 19064 17394 10646  6586 11879  6041 29452  2164 14272 25282 
 5237 22460 15385   606 10316   663 18558 17318 29493 11328  3249 26246 
 6044 21758 20645  2100 14706 27500 12976 21631  5187  2500 28561  6341 
29866 10191  9393 26282  9579  2378  9165 18767 16544  8888  1906  5063 
 5805 32150 28660 16553 16324 17604 18234 31205 27272 15674 25729  5997 
13127 12944 23711 13047  3100  8313   498  9187 13522 19579 10865   927 
 9286 24155 22032 25989 22635 18281  5734  7388 19659  7312 12664 15856 
28494 16334 22419  1946 23085 22848 24968 29038 31883 17255 30613  4370 
14741  3502 12003 29185 32006 12528 20670 29110 31874 10231  1840 10410 
10915 24456  1892 31618 28344 14704  1467  4855  7231 13395 20400 26249 
26148 17460 10092 18872 10179 15656  3341 11632 18026 25159 28500 12130 
25366 21039  1273 24447 12230 11499  1948 24977 32642 26982 13044  1798 
30228 13049  4116 19284  5050 21529 13738 16247  3099 21271 31157 26678 
 6862  1793 30778 15984 29812 18571 20412 14312 11664 17852 10619  4307 
25688  2412  8739 12590 24337  8699 20625   627 10115 24685  1713 24457 
31246 32290 26556 27543 10879  7559 28845 29206  9954 28095 26702  6462 
17370  3478 20524  4718  6647 15212 26956  9313 20761 12423 22634 14927 
15463 27333   886 14220  3379 14203 27030 30652  6171 27396 25789 25138 
10624 27062 22281 15112 32591 15600 20997 25120  1356 10252 24359  3273 
31783 24598  3919 27879 18720 24068 24082  4419 25582 19766  3875 10142 
24091 21123 30377 29034 14759 32354 30845  5878  9430 28935 29938 13969 
18895  6205  3771 16268 15161 22690 11018 26722 30303 27736   418 11961 
23247 12861 27763 30755 18474 31034 31286 32702 28031 21108 21285 12901 
23095 11645  7881  5594  9123  3508 30817  7903 13076 20090 25683 15055 
13139 11378 12593  9603 20862 20909 21154 14120 27575  7403 32238 13275 
32399  8336   839 30985  5479 28637    78 15642 17568  4470 30668 28781 
19923 18126 19246 21822 26453 13260  5313 30781 14766 22021 25484 18027 
15324  9540 12277  1500 24871 28467  4363 16375  7286 29047 15082 15057 
 8774 30426 15367 31795  4306  9989   117 19603 17940 10303  4457 19846 
12069    49  9052 25755 21524 30270 19087 31847 25222 14398  3808 25765 
 6589 21984   612 10103  5397 13810  7290 30554  7398  4837  7042 27643 
15658 18613 30567 15832 23096  3856 17665 27360 22944 32427 13084 26332 
28033 26225 12999 22853 27689  3799 32002 26255  1574   622  8623 13293 
 6827 18693 23373 26760 17915 13271  2776 25456  3367 31909  3691 22554 
30470 13285  3381 22891 21481 14175  9191 11123  7515 30139 25973  7713 
13110  3015  2600 14037 31685 19225   765  5518  8356 12815 25311 18049 
18718 15813  8626 27462 28434 24768 30405  3780 10354  1996 18900 15304 
15542 15522  2835 14803  7123  5888 11127 16685 25784 19238  9829 23549 
23033  9951 19204 21837 15523 27088 31802  2381 29295 11453  3140 23103 
  106 25015 30245  6732 16394  5162 19650 20658  3677  9690  1119 11697 
19948 20640 17620 31825  9986  9468 14208 23933 27492  1374  5161 26997 
16377 31799 22988 16907 15694  4836 30099  1262 17856 25827 25463 31957 
11434 24695 24606 17037  9457 15178 27988  7139    68  3030 11816 25357 
 1924  6557  8007  5480 29212  6953  9026  9614 31766 12526   778  4631 
 8857 13355 22117 28626 31829 14553 21027 15004  4429 25471 13484 11970 
 5417 11661 22881 15858  5276 12879 15568 25175 29220 23271   817 25462 
22518 18372 10802 12811 23721 21987  2943  9633 18084 31763 30707  6729 
31291  5185 24286  7363 27777 16130 17984  1508 23291 14548  9030 17175 
32213   645 23286  9357  7741  5209 15466  5284 14389 23975 27520 27430 
13090   123 19013 14404  5906 10990  3359 17237 19152 10816 14670  9898 
28862 26621  8006  6933 20869  4042 11382  3016  1126 17737 24247 23655 
24057 21689 13579 24202 26199 16802 27409  7080 13691  1902 28383  9769 
20676 27134  1880 16638 29154   571 27291 25533  3519 20554  6015 30902 
30238 28475  2383 10686 14581  8021  2614  1993  3705 30041 28518 12459 
29074 26575  5008 25250  3849  7101 20760 25943 31347  5200  9835 15765 
15543  4494    66 32119 20954  5999  4401 12603  2423 19736 31385  8413 
15536 21245 23677 18677  5420 14554  1058 18581   647  5905 23752  2445 
10852 27797 27690 28892   167  4825 24186 16640 18166 22048 21760 26394 
 6562 31539    53 18519 29137  1716  7900  8073  3624 17805  9053 12864 
12582 20300 11353 25783 25618 27806 28534 23214 31906 27022  1258 18950 
20848 20347 24520 23326 18717 17115 32525 13040   178  9066   746   539 
14288  4082 14797 19132 14023 13133 16325 28231  2833 30423 16084  9452 
16456 25103  2128  3351  9548 21426 12745 19827  3419  5865   194 15344 
 6187  7986 22060 24521  5904 21926  7949 10292 11634 17527  5608 27832 
19941 23623 31413 26380 12152  3488   965 27691 26227 28200 10428 15091 
20124 18135 13452 15872 31884 13273 21139  7661  4169 24558  7927 10178 
27841 10171 31244 15238 26504 18941  1568 23055  3900 12763 19278 32614 
31951   815 20336 15254 27436 21710  4224 21458 16114 17301 18610 19045 
19952 10808 22605 31070  8800  2506 29005 13796 28428 24762 25289 24642 
24693  4550 11954 30174  8453  9897 20098 20987 21450 17213 31592 18609 
19503 25945  4127 15533  5896 26349 30424 21675  2141  1506  2534  3252 
23034  3503 21292  7960  9907 32443 22086   299 20087 20342 20858 28607 
 3868  8541 18277 24036  4817 13125  9314 19922 12914  1651  3759 17518 
23547 29761 20699 31139  9594  6612 32404  8823  9110 21896  3590 21653 
16636 12379  8358 21118 10007  1526 16874 29072 29381 28885 22181 24132 
14201 18063 12653 20322 12541  4269 16359 21738 13193 25224 23474 32738 
 7858 27252  2801 14996 20067  9363 18509 21101 11895   720 16926 23405 
24510 25778  9683 26614 17200 14125 21656 10121  3331  5921 21684  6877 
11326 19338 26661 18923  5064 27057 22347 12317 18439  9270 32036  3948 
19358 12632 13740 19548 28230 10909 10475  5643 21685 19640 11386 10108 
25173 16194 14457 26196   724 12908  2263 22792  2000 26867  2901  5723 
23739 31729 32744 10266 22697  9766  5592 11300 29773 13571 15691 12244 
29963 26582 18531 14913  3209 30031 21381 19234  5572  1214 21711 13483 
 6758  9611 21370  8672 28592  6547  6615  2767 11133 25066 14767  8768 
27618 11727 27517  6693 13674 17986 11565 29997  6683  7789   333 31401 
25857 22763 31445 15478 13097 17035  5110 29423  4801  1328 29393  3076 
22167  6251   880 31810  9654   633 21814 31208 20626  4220 18003  5143 
26650 28243  8250 16013 28665 31815  9255 13631  9467  3414 30656  7313 
11043  1760  6246 15273 16596 16938  5741 17845 23602 24420  6416 26458 
16777  5989 11907 13621 12429 30454 31525 17323  2254   551 25005 24923 
30824 15000 29664 25948 15690 23191  6539  3443 12050 28292  2081 30179 
20037  7844 22123 25003 19927 26560  7916 19074 10618 23829 29843 21671 
28973   504 20077 29228 30462 16888  9724 26744 23360 14337 15125 23495 
 5732 19551 12448 24172 10450  3489  4476 19131 27290 28642 24176 21089 
18792 21587 12061 31653 23940 18111 13080 23804 16149 21428  1960 29523 
13589  5264 18150 19293 17046  6189 30388 30885 24437  8138 24881  2649 
23348 16059 30968   220  4502 18640 17691  4105 19709 15239  4322 14920 
29315  3569  4179 21466  4964 16929  8646 17124 23782 25925 27240 17169 
17748 32029 29820  5206  8503 17990  5317 25603 31355 18461 12717 13651 
23851 25141 26995 24392  1692 27369 21744 17628 31410  4171 30580 15644 
32428 20575 23898 25578 27263  1493 13398 23420  1325 28710 26395  3902 
13094  6186  6364  6397  2858 14080  6664 28866 18007 14383 14593 29663 
26690 21911  3482 20666 19674  1561    82 25436 14333 11014 20153 17111 
10312 24253 17151 21331 32539  1872 25801 14804 21205  1671 22768 14474 
23457 27348  3275 18306 11250  5691  3126  4474 21253 20345 13616 28727 
 8550 12818 10053  3095  2648 31594 18932 26977 31668 15930 32632 32537 
24827 10300  4666  8969   611 32074 18382  8880 25642 15223 27325 24162 
25836  7133 10826 25984  2948  7777 28121 20386 10595 28175  8868  6119 
19490  3634 14049 24796 18894 18020 15049  4288 17911 30109 25383 23369 
19382 22378 21551 20042  7070  6503 14728 27744 19581 29090 11740   315 
  951  7662 15861  2498 11898 20836 10605 25494 17215 31197 15277   407 
 7972 17327 11754 14306 10380  1132 18443 25552 24943 11722 25328 16697 
20406  7336  5093 26817 11621 26287 12021 28549 17994 11352 22826 20434 
32236 27322 17430 17705 10499 14542 22571 15416  5042 26551 30147  5123 
30844 21181 19106   489  3217  8155 29045 28643 24373 22648 24824 22302 
 7401 10752 18001  3270 10928 29390 30790 21344  8958 13041 20925 13279 
26946 30042 11366 23668 20806  9104 14482 22125  6086 24443   576 22797 
18944 15775  1001 28218  5917 24127 26618 29589 32300  3432 21578 24390 
22749 20541   519  8320 20726 18633 25594  1386 11723  1635  5074 32125 
10060  4242 16529  5618 17477 12732 10648  6792  5829 30607 27609  8697 
16319   348   930 23011  2473 14338 16444 28990 14324 17051  6344  7000 
28683 29804 10847 28416 14433 31414  8748  3922 16402 16755 10961  4380 
 9848 31283 21122 14594   620  2904 17676 29142  9443  3475 13596 23822 
32491 18588 32231 30261 28371 27477 22655  2048 31803 13489  3320  5636 
10273 25889  1299 10235 18431 20934  9048 29943 25753  7849 12557 24626 
 1242  9827 27256 30355 12430 14592  8942 19465 16230 23012  6495 11838 
  137 22246  4222 23289 19084  5354  3863  2093 14400 15816 31314 16112 
12077 18934 12897 26656 18263  4050  6731 18240 21741 23468   932  8514 
24245 29698  2114 17887 19411  7173 23039 15899 30120 26776 19739  2595 
15704 21495 22827 19892  8949  7006 24508 13270 16970  3755 20257 16690 
20542  8821 13421  4941 10399 19065 28837 12822 27547 28085 16017  5323 
  176 30934 12248 16779  3429  1800 31087 31015 12107  2983 13770 28541 
 4635  2293 12502  7353  4447 30616 26270 21666 17599 10996 18040 18511 
 1291 31986 26538 13831  3457 28796 24230 24826 24809 23762 27637 27248 
14639   311 31204 28115 21811  3210 16214 25716 22673 11190 22540  4598 
 4472 16556 26947 18075 15815 16276  7361 27485 15088 32324 16545 13261 
18599 32639  6111  4527 19027 13805 10147 13106 31454  3406 13503 10565 
 8012 11027 26968 10880   195 17382 14283 18129 26167  6947 30285 11253 
23649 10789 28577 30044 14446  9447 12984  2465 24947 29644 19271  2215 
18958 18913  8377 17957  9810 24001 17910 16216  7187 20600 23806  1847 
20033 26050  5925 21809 22782  5578 29868  2063 32348 14546  7405 25399 
30537 28435  3164 10709  7157 14434 27613  7037 13984 25317 29392 21359 
19486 10636 10200 15468 32052  5733   250 22068 22288 12443 20356 30865 
17550 25601 25843  1443 21735 19694 29138 17544 13492 10389 31715   548 
18057 19062 22972 10041  1875 26103 23438 20438  6697 23134 31661 10874 
 4796 12812  5156  5221 12588 14013  1641 26116 10669 11212 28162 10104 
 3650 25974 14573 19327  1227 30909  8440  9650 15440  8106  3326 32278 
18055 31510 14611 28264  6558 23178  9782 13435 26235 22532  1423  9814 
15827 32224 28211   682 28118 26400  6838  4617 11673 22812   357 16504 
30185 13384 17337 26271 10631 17627 23125 26821 15820 10118 28523 29294 
16660 21218 12091 32590 11174  5802 22642  1516 28645 26243 22067 14004 
24891  5228 28393  4315  7621 14083  5071 26871 26302 14205  7484 15706 
 5037 17251 29746  3150  7693 17823 24417 30018  3552  8733 31605 24903 
28563 21575 27219 18290  4341 32652 30890 30929  9574 21054 30813 27471 
 9200  3663   433 10195  3081 19047  9455 26835  3761 16607 27505 12971 
 1767  5662  9356 22684  2707   963 32697 26441 25046  5510 27165 22359 
10937 14973 11265 20323 10009  4913 27125 30193  1539 32563 17517 11811 
12339 24808 20720 11148 28673  5192 32461 14864  6534  4873  3046  1672 
29332 12101 25021 17104  4688 24297 24831 19155  5090  1475 24771 25727 
18328  4984  6603 22726  5009  7669   974 27421  4845  1617 17292  9368 
18952 23855 29700 25757  7140 26698 12533 20697  6069 13686 21464 26959 
24737  7471 26983 25680 15755  6014 21674  5645 24901  4911  7164  2621 
18283 13326  3872  6061    13  3022 20251 17419 29078  9627  6227 23662 
12796 17834 17210 18966 21981 31370  2931 15791 31683  4305 19682 20338 
17659 17866 29450 20553 20361 27017 27167 25309 26484  9381 15051  9492 
31364 31482 12843 28963  3009  8950 29143 21825 10678  5956  6083 24039 
15269 21382  1552 25346  9992  7681 29900 24089 30420 28521 29891 19229 
17439 29396 17004  9332 28244 14968 30665 30050 17882 29083  6676 25664 
 8024 27532 22251  3452  4161 31663 10286 32045  5704 27687 17571 29471 
 3078  9482 21867 16582 15322  2919  8222  8664  9495 29380 18080 15560 
 8716  2097 30091 16788 29253 32603 11854  7538 13216 22137 21462 22338 
 2292 32661 16429 11205  1673 10941  3258  7138 19539 11681 24275 10370 
17956 14870  1124 30316   454 27856 20781 13992 19895 25142 31850 20902 
 8350 25653  4384 26673  4506 16076   297  3050 22129 15364 31424 18576 
31632  4182 17134 10039  6261 31299 13861 11283 14154 32041 24411  3485 
20844 31919  4589 16944 18753 24607 24449 21149 17881 30677 30086 12788 
26195  7227   213  4415 32759 13638 14710 23989 30932 31865  4211 29234 
31684  5721 30006 17836 31062 26097 27550 21841 27468  8385 31856  3987 
11129 21899 10720  4669 13035 12894 18229 30999 22739 10838  4230 15098 
 5270  9217 20849 10326 32054  6054  4376 27157 22431 19370 32194  2008 
29318 22373  9310 20805 19720 14733  5505 21542 12654 25554 15619  7838 
 6734 20430 12923 19445 19809  5501  4643 18467  6034 29075  7198 30935 
26108 15587  2386  4069  7035 15339 24557  5755 25155 32579  4241  4960 
 9297 25511  6521 16505 29970 31659 10024 26258 32631 26886  1623   533 
22085 22440 12922 21493 27987 30521 13230  9765 21604  6622  8835  6153 
15481  9779 27504  3335 19509 28299 16173 19707 14791 12147 14468 20301 
29834 19267 26100  4630  2550  5103 22297 23953 18171  9595 17513 18921 
32439 13893  4509  9006 25991  7188 26926 32487 14307 10145  4478 19883 
26876 23399  7690 27668 17735 17155 25319 29658 18010 18046 20701 13852 
29447  6898  2165 23442  9158 16494 11033  7616  2568   969 32222 26642 
16667 11922 30891 12326 19899 26357  7032  2430 31047 13009 30465 21296 
 8375 22599 23921  6668  5494  5933  2304 29010  4097 17068 18709  6598 
18473 17762 31267 10547 16770 23565 32232  8470 30662 28814  8535 12748 
 2045 15829 14448 17302 26680 21824  7611 20830 28043  5712   312  6574 
 1477 10743  5665 27329 16622 32141  4728 22963 28861 15598 30759 26463 
10043  4881 23092 22574   863 31807 20378 23798 20801  8923  7526  4423 
16624 15314 13689  3966  9528 11647 11221 16591 19620  5078  1796 20520 
13174 23832 23830  3395 21497 32389  2565  4160 16199  3161 10402 24681 
27554 32248 20464   372  1678 14380 31609 27597  3401 30818  7774 12830 
19618   459  4100 11316  6766 29933  4403 24856  9379  9542 26316 12011 
 6595  2198 13899 20332  8615 17221 21840 21807 22805 21399 18846  8677 
 1084 21132 11959 22296 20138  7126 12846  6754 20038 31306 14409 10372 
11837 22111 28376 32325  7344 20580 16568 13073 26398 17028 30246 24909 
 3525 14459 29838  6934  6765  5394 11699  1388 12729 14875 28469  2526 
14159  2187 14849 22736  4334 20579 20139  2852  3897  6026 24857  2683 
 5957 29285 16683 22756 19004 22724 19966  7599 11596 19959  1196 23591 
32678 19424  6000   735  9791 24755 28165  8854 18849 12190  6455 19143 
32552  2934 21042  3027 11909  1894 19306 29085 16557 16298  7452 27251 
 3543 21217   359  1973 10612 16453 24075 28658 17942 22541 25420   770 
23548 24838 23256 30366 14917  7462 27480 30920 22851  9568 16125  3350 
  462 28932 28221 23970 12694   318 27150  1193  9253  7166 26161  4866 
 7275 16706 30879  5076  9642 22596 24802 19670 24859 21467 13978 11024 
 1002 22910 11676  7058 26313 19025 10254  8115 30323 31841 26230 20875 
 1096 10128 16807 10811 15393  2099 27025 10070 15968  2205 20000  1999 
31075 28938 28773 22505  3618 14689 10955  2345 27877 25990 11950 26964 
11252   875  3065 31712 24139  5077 29076 30500  8694 28536 31489 25881 
23100 23390 15853 28789 11327 30181 21946  5492 31425 23465 28312 11677 
26474  5871 16208 23790  9849  3513  6168 22680  3291 21751 13482 30916 
13473 18785 29321 17384 26051  8560 21086 27037 28108 10647 25983  3903 
 2112  2115 19015 13795 17802 29960 25704 22640  4803 31745 17771 14714 
 3495  7882 28093 31574 30343 13583  8270 25322   147 20687   404 12821 
 5951 27366  9704 26052  2560  5051  8348 28480  9471 11790  2362 13618 
24347 23022 15292 14237  4038 24250 27705 15260  4597 28550  8556 22973 
28571  4901 13912 17228  8799  1022  5979   732 16990  9868 20155 31992 
27502  4833 20834 28105 28564  3455  1938  3017 24779 17079 15744 18589 
24973  2234 29577 23032 11073 15529 17159 11960 17800  1851 11639 23414 
 4848 30837 19962 32146 17309   524 10117  1722 27577  2435 28092  4888 
 7223 14388 16904 30268 16415  9854 10952 17007  4318 14640 10058 22411 
16033 28742 11118 11831 19441 12049  7597 19231  9790  6908 30253 23040 
29230 27885 11798 24967 10079 24955 28905 17158 15127 13045 10218  6477 
28074 21953 31556 12996 14297 15908 17865  3025 13042  4753 28086 11774 
23312 12257  2725 16566    89 31764 18312 21820 18244  6074 17862 20114 
19577  6767  2275 17276 30823 21601  2240 26563 32492 16269  3920 17972 
13725 31310 32630  6384 19054 13108 32696 24790 28864 27075   108 19910 
 1612 10658 24743 11660 29600 25117 20684  2149  8627 23978 13572 28171 
15422   427  1163 22257 30527 32128 25477  1316 29925    63 19934 26079 
  162 15038 25995 23755 19469  9980 15863 15020  3696  2979   317 10584 
 3196  7954  4204 25687 11975 16351 10911 24493  3932 29184  1764 11669 
13535 19099 10005  7352 17606 14789 15104 21780  8927 21435 28186  9730 
29760  2325 28669 28810 16593 17841  4529 22375  4830  5924  7831 29667 
24462 21872 11583 26124  5129 22859 24095 18983  2030 29287 12124 15710 
18690 31506 18376 10480  6691 27821 32353 17490 24086  9194  3725 17854 
25547  9956 31106 19590 12079 14340 23835 12799 18102  4342  4019   884 
12872 25570  9080 24328 31624  9518 25517 18175 29256  9062 11508  8002 
19725  6405 23993 10732   733 16543  9816 12382 25793 16781   399 30774 
 4820 21553  2236 12213 23440 12543 31251  5800   841 13131 30950  4780 
20040 24208 17207   689 19847 32438  5867 21442 21412 20976  1094 10487 
 7012 15973 27023 23208  5451 29477 12501 19711 28216 21330 15906 12304 
30127 17917  5551  4605 13788  7634 22145 25024 16601 22007  7217 15357 
28056  8808 21246 13933 23809 24343 27748 17375 10917  9768   353  6010 
20224 17930 26805  3883 11648 26397  7776 21626  2434 13363 26119 12252 
29620 29367 32179 27326 12587 16463 30787 31491  7994 13491 16258 13619 
 6283  6969  1318  8553 22796   986  6925 20797  8451 23066 18137 27996 
 4958  6795 10016 19888 30629 32498  2153  5974 27894 15945  3230 17313 
 9675  5085 24217 24735 30983  2653  3309 14763 15184 12523  9162  7504 
 5174 26305 23270 30474 12254  6204  1194  1188  1852  3787 12483 18479 
11784 13280   872  4395 23315 27308 21737 17260 29428 14781  8732  5524 
14774  7391 17538 27432  1398 18802    52  2751 24046  7496 27101 26157 
20162  5935 21973 11383 32355 19693 25150 24070 16681 30971 15445 31437 
24574 11957 27664 12718   630 13859 11720  7726 22420  2642 27661 12676 
 9873 12925  6258 31374  9660 30184 10798 11165  4235 30631 25478 19653 
 8905 23105  5137 24104 12270 23362 28003  7898  5986 13925  1627  9154 
 4638 10755  2689  3438 20196  3974  4113  6359 27374 19977 18885 31988 
26994 27652 26434 11989  4073 24365 13459 22044 32136  2130   764 26795 
12008  7684   133 29757 10122  3006 21910 26912 20596  3109 27357 13358 
10393 32109 12089 13944 27964 24593  6410  4498  2543  4350 20763 18034 
25424 17610 20582  6937  7581 20597 29964 24629 15748 12407  7368  2765 
 2426 10906 30496 21565 18361 25197  4826 22211 31990 29150 30055 18735 
 5988 31312 29236 27281 30175  7852 12023 24717   245 30868 13198   170 
29572  2798 30432 26480 11319 15535 11826 29539 24894   615  6572 23455 
 6780  1741  6740  9692 26077 12545 29282 29006  5730 29275 17129 27146 
 9560 21761  5329 19201 13949 11490 13769 31456  1027  9947 10645 15487 
22304 24569 31626  1200 16036 18106 20959 24482 18183  2301 29503  1243 
16572 30053 26150 24646 24199 23567 22059 28873 25564  5527  8366 30273 
23413  4788  9113 18887 12327 13438  6794  2807 29406 23107 32107 32105 
19824 27937 22187  7421 24232 15401  8537 29601 26138 32680 18422  9636 
24499  3225 20358 19637 23686 29174  2909  3243 21781 28949 20277 30428 
25122 24453 15841 12438   625 13834 10232 29487 10221  1147  7809  7329 
10065 27667 14460  7680 10100  4762 28934  7220 19995  6816 10945  5547 
27064 16207  7464 32212  3271 29198 31916 28117 28408    80 13320 20392 
  443  2692 10151 17338 25236  2133 32572 13033 14958 19383 27529  4420 
15735 12517  3066 12067 28103  1077 27628 18302 10513  9131 12066 10666 
27760  1028 28803 26156 15232 14520 30399 15531 29386 20746  5300 21258 
30367 19409  3926 23881 15617  2191 10756 13481  8207  4053  2591 25553 
31711 11600  2014  7892  1855 28865 10390   699 18618  8828 15159 10141 
13827 32139 17459  3254 23781 27253 28311 21912 18378 17723 18721 28252 
 9856   469 13278  7562 26901 23018  8441  2587  9934 26383 22449 24126 
 5965 10760 24241 28738  5825 15183 11760 19308 14270  5163  7103 19301 
21280 25499   455  3014 31677  5226  7966 30988 31970   739 13205 26117 
13977  4008  4059   943 16229 19929 27572   545 17436 14311 31483 23147 
28061 11649 12692 17373 23314 30792 14033 16780  4138 25768 17697  2066 
 4216 28604 16724 15805 20446 14659 31055 15317 27309   994 18979 10144 
25818  7136 17596  7024  3924 27078 15133 31728 28906  4064  4787 27055 
28363  6467  9352    73 18947 28227  2068 10373  4856  6852 12496 20516 
 5136 30451 13311 12911 26303  4099  9946 14322  4805  9429  8322 14190 
 9094 15484 11613 13204 19467 11859 29858  8474  5849 11455 23020  7218 
28912 17054 20667  9266 19012  9871 11160 23678 31731 15751  7855  6062 
14290  8407 23434 13422 19730 11641 10987 12321 28755  8319 13303 21406 
 5316  5580  9853 18878 17698 12154 30206 10706 30698 24982 27518 13717 
23061  4864  3765  3887 31924  3517 26198  1755 19749   115  1842  9083 
22207  7651 26466 31189 20643 23807 19281  8538 21113 31779  7902 16828 
29995 11616 22838 10148 15120  7888 16578 22330 14347 21757 31067  5132 
19125  2059 13371 26794 18896 25621  3735 14188 22308 11113 13900  8524 
  802  6616 14635  9522 18649 18168  7409  7558 20613 16996 18379 20939 
30557 30029 31768  8842 12470 22022 24262 23815  9095 28723 15402 15663 
17077 28445 27970 28114  2391  2249 21681 30308 19366  4374 29415  4557 
12709 22692 13697 17521 21728 17454  6235 12177 23771  6874 27356 10831 
 9685 24835 21747 10950 23133 23229  1811  6128 26775  5639  8480 18394 
17220  2040 25639 25841  1469 30701  8937 21230 12219  6285 30394 32465 
 4357  5231 31143  2973  7545 30564  3798 30172 15455 16632  6331 12643 
30715  3879  1091  3307  8099 19162  7527 29967 30961 22488  7964   285 
13825 17976 21277 10072 32518 14264 12378  8432 20704  3914 31402 15520 
29940 31774  5820  7742 16726 18781 25047 18851 30277  4754 11791    47 
16308  7434 16286 10862 21436 24131 14221  7378 16880 32401 11608 22293 
16707  3340 25212  7013  5392 16433  5720 29725 24301 28217  6488  5368 
 1566 31303  9775 14790 10056 18073  2856  7861 20601 14666 22623 20243 
 2686  5305 27199  7109  3348 32507 32431 20126 31676 28415 29475 24294 
31105 30690 30829  7576  7878 15228 10813 28977 23552 18554  5735   939 
 8197 25201 14966 17694 21897 11839 18645   835 29490  2702   876  3909 
15664 29439 12899  2019 20355 30835 11711 22791 24617 22245  4330 23044 
17806 23234  4623   225 15583 21260 29533  9280 25734 20058 30772   693 
24744 30092 26868 28028 12345 16073 25624  1735 14805 17768 20399 28649 
19286 28007 28974 15900  5483 10582 29635  4337 16721  2437 19123   641 
18899  8500 23507 19606 17992 17968 30009  6991 32217 26695 25203  6400 
12617  8515  9499 21990  3182 12175 28841 18907  6646 14141 26377  5514 
 5043 26048 13012 23273  3613 10418  8206 27813 30383 29897  5278 12460 
27616  2693 12586   544 12855 13928  6577 27120 17224 26501   674 19258 
 8962  8781 11442 11030 29889    85  6850 32314 27232 29468  1820 24080 
13981 22887 23685 29001 13219  3074 31827 28083 13115 23960 31487  4121 
23335 25233 11985  9480 24810 32503 12783 24531 10735 10825  2420 13389 
18727 18866 27143 20842 27081 26222 29394  2610 23785 28389 13305 30858 
 8640 20381  7205 28689 20717  5918 16920 28815 22227 12488 28691  4155 
 8114 21322 25001  8410 25986 27555 21605  9087 28855 21582  3531 23200 
24940 25863  8275 22830 28420 30808 21050 11546  5298   381 19971  9723 
27759 21117 12361 28052  3105 12710 11208 18679  1536 20867 32671  5398 
26992 17274 26184  8170  9220  9321  1343 20374 15868 16379   420 17632 
 9959 10116 14775  3573   438   275 13155   326  5017 19160  2572 14323 
28116  8351  4713    94 22885  5801 14051  6975 32483 21996 10670 15197 
19391  4970 13811 26090  1358 21833 16914   547 24855 14196 12964  8383 
23853 13211 26325  3719  5229  8134  8417 32588  9908 30171 29106  6373 
30847 24320 17240  8444 24419 27909   191 16778 11554 22520 22770 23885 
25781 15888  3687 10861 12351 14530 16829 25199 31238 28625 17314 14537 
15836 10010 14580  6607  4528 27172  5476  2245 19279 12315 27028 20807 
14252 13814  1940 16833  3762 26371 32344 32241  8307 17457 15095  2395 
15821 19980  4249 14806 23569  1370  7501 20910 25178  2010 28154 13083 
23894 17953 29962 20357  9172 15157 16340 14354   491  5837 10347 29124 
29807 16122 20004 31037 28795 21598 18101  3564  6856 18992 19037 19461 
28824  2244 31035 17052 31054 11729  8210  6865 27144 14069 21047 16410 
16977 23843 21762 30938 14437 19928 24002 22155 22396 27321 23151 15014 
28503 19960  1638  6240 20328 31395 24404  7568 18676 15625  8661 27423 
12006 14134  1986  7111 12395 25091  6583 12065 12075 10319 17135 12210 
  893 14452  5619 18783 30325 30793  8554 14035 17032  1073 25744   845 
27840 17271 10795 29425 30087 17530 32257 17709  2424 24667 12544 27814 
20775 17816  9185 26615 17556 30360  6857  9918 13646  2479 25073 12355 
23607  3812  4490 29618 20882  4199 20929  8899 29118 11084 20906  1491 
 9021  1218  6990 23543 10502 12044 22147   834 18745 23797 19500  9369 
 7805 18620  6320 15480  8869 13792  3821 22323 13663 17934 31733 24249 
27405  2849 31099 29051  1686 20681 31112 13462  6125   182  6786 20424 
12387 26328  3308 29479 19214  7539  6847  9506 17536  8230 15235 29954 
32659 31519  6736 10526  3097 24787 14865 28741 27849 25862 32597 25846 
24889 20605 17249  1807  3956 31169 30108  7469 29645 15297 27509 22675 
16921 32592 15845 32340 23162  3068 22340 24209 31173  6218 13248  2006 
20380 18254  5118 10162 10271 10835  9276 32240 20035  2096  6884 21053 
26941 21099   172 28169 21954 15265 26893 21650  8513   516 16481   107 
23154  9815 28036 11231 10146 30948 25856 21745  6208 17256 26578 27614 
19011 19957 14510 26942  2612 15365   523 24850 20548  8300  3369 13103 
13733 17817 18231  7330 13724 29454 11892  2276  8054  4289   566 15252 
25535 26062  5218 32097 13231 10805 21537  2851  9755 26419 32070 29510 
 5201 19956  1244 13755 18707 29947 30486 27749 31441 24673 18515 32152 
19714 22585 29012  4411  9586  7490  4175  2792 10248  2146  8119 15173 
27899  2627  3151  6170 23882  8437  8055 21107 11007  9259 24533 10095 
16289  1327 17047  8406  1116 15768  8874 25412 27285 11607  4663 13604 
31201 25803  7063 25145  4014 20725 22218 13611  4734 22305 26765  8434 
 6438  5444 13534 12007 12954 20742 19221 30981  9606 11846 23473 28004 
30973 18532  2626 19167 29842 18530 13406  9112 11807  3940 30955 30369 
21860 26440 17548 29102 20440 16981 25292 19274  3514 32091 29478  4561 
18152  5416 11272 18415  1140  1587   721 18313 17975 11610  7583  7084 
32266   643 31096 18712 31544 10033  8149  8476  4163   507  9212 20282 
13427 19623 12267 24935 29883 24148  1082 30887 23665  6166 24910  3566 
20886  6453 21720  6972  7828 29911 24302 22597 10942  9472 23709   100 
18094 22915 13007   467 14326 28399  8539 22771 17597  1779 22547 17368 
 2972  2709 20152 16692 21980 22983 13302  4579  7154 26023 26887 15013 
32315 26494 20851 25767 13608   923 27619 30484  3626 19657 12687 10534 
17801  6148  4021 25422 27602 31102  9105 17608 16767   898 10599 29197 
16183  8120 13186 14243 17524 31394 21802 17495 25559 23906 21090 10420 
17001 24084 23431 32473  3393 22607 31409 26704 11288     0  5852  2509 
17247 30867  7622 13053 15085  9688 12847  3520 14845 30195 28449  3605 
 3262 16764 20635 21797   801 23406 30872  4615 10337 20928 29696 19344 
22567  5969  2495 13911 23268 20616  3133 18012 12013 21724  9886 15489 
20048 23846 31864  4493 12804 13817 18514 31757 16891  3657 30705  6522 
 4573 13386  8505 17753 26409 21019  6746 26649 21424 24014  2903  3679 
  912 13667 13685 15075 10663 29845 12118 30187 30974 29465 23888 31473 
32469  7343 24675 10900  7294   563  6387  8044 21889  6958 11964 27050 
 4750 30001 14381  2308 11635  9456 28801 16806  2447 29603 26039 21499 
21921 13786 28354 17773 10894  5020 16431  9825 20333 21478 13849  9166 
22389 22856 12662 15181   640 30526 12161 18508 21755 17879 19654  7819 
12835 19057  1788  5722  6114  9232 13613 16502 22939 22052  8945 30374 
19684 23714 31580 15632 18194 22912 24026  1247  9163 15712  5777 18132 
21536 30685  8692 22835 14318 10817 15010 27654  5774 13066  1816 10598 
24114 29750 25797 28508 10633  2829  3598 29389 25387 15851 31475 17740 
28068 24078 29519  8811 24289 17320 24958 27960   310 22834   703 32251 
 3120 31633 11227  4446 31804 18993  8729  1664 10717 19421 15135 13868 
13658 30503 19838 17848 13129  7222 11695 18596 14164 16302 30401   902 
 2970  8485 15753 17298  7182 19574 29501   594 29265  3992 16249 29238 
15003  8730 26558 13716 32433  9569  3864 31432 23358  7346 27126 18285 
 3142 32634 26554  2549 11162  4947 21405 19844 12211 15835 15170 10837 
14042 25927  9009  4209  2779  4546 30151 18105 26705 30413 32663 15267 
27284  4030  3865 10672 29500  1354 18537  6071 22135 28089 27208  1139 
 5945 15659  9190 26193  1912 21388  2448 10586 28001 26565 10168 12324 
28131 27984 13431 27313 12960 10970 12318 16650 25112 18621 19255  5435 
18232 16844 19632 17374 21672  6003  2150 18928 10936 16719 18912 29292 
22000  2671 19050 22654   590   247   560  3365 30214 30848  5068 15048 
 2442 12722 27429 21455  9665 29211 25200 11958  2036 29908 22400 25939 
12191 15969 17261  3330 20845 22907 16014 21628  5738  9074 16390 18757 
11825  8809  2808 12570 18256  5624  9504   164 31835  8430 31563  4005 
18123 12148 32262 13065 21635 18749 24852 15866  7731  5195 16564 30584 
 3828  8653 15176 15497   738  5609  7077 18898  4904 12331 31595  9161 
 1662 12346 30748 16096   159 22955 10944 30722 17219 22615  5632  8279 
 1337 14653 24203 14964 21532 18110  8595 23460 11570 24799  1189     1 
  919  7165 20339 13046 16711  1270 29096 26772 12952 26571 12505 32478 
26773 30883  2322 30595 28077  8814 18655 15256 17520 23731  9670  9745 
29871  2415 10791 21338  1930 31128  6336 16135  1153  6048 23952  4215 
30522 27021  6084 14629  3442 24544  9175  1665 13252  7256 29617 22538 
20624  1633 30344 20913  4089 23786 27207 29437 29682 19679  7907  4247 
15893 18157 10237 18195   528  9117 25996  4640  4639 15437  3639 10308 
10416 15953 31270 26885 24481 23392 23725 18619 22391  5044 18436 31064 
    9 28758 20847 16709 17901 28696 19055 25592 24893 21509  9530 30080 
   48 19984 23057 24062 30440  1259 23653 23476 24518 24534   755  8405 
14649 17726 10408 27544 23235 14688 13011 30364 10585 23545  6250  5025 
 8338 27164 28972  1817   350  1111 19384  7137  2174 18181 24739 31261 
22444  7997 24098 30075 32567 23485 13349 15628 20335 11919  2135 27257 
 6749 23494 30746 21879 17476 12034  1715  2623 18697 24978 11218 13464 
13801 22788 11260  8051 26906 29899 31369 28351 20309  4206  1421 12374 
25340 23925 18719 21030 30411  7308 28739 20793 23415 27625 30257 27459 
 9470 23518 22228  4208 26242 20585 13128 29268 16805  7242 17191  3376 
 7423 12566 12500 32542  7236 23837  1719 14950 25619 15407 10473 14176 
 5569  3625   922 25649 19072 29399 31854  9888 20046  4287 24513  7413 
19795 26525 20664 23531  5713 15577 20561 16201 16520 13075 19089 28198 
 4265 19781  2357  7093 12539 16128 31593 12239 26684  5502  3094    16 
 5058 14204  9306 23692  1822  1162 12594  4968  6591  7005 30498  5515 
26971 24908 29653 19678 12035 11584  2804 13147 20927 17348 12311  2252 
 9096 29946  9863 21949 31065 11144  6301 31081 11261 17112 28492 31784 
30077 25111 18179 22061  6101  4111 22933 12499 24660 29281 32143 12652 
29708 18255 10656 31689  1406 28877 19773  5600 26481 25297 20496 13405 
28998  6110 14828  3008  7034 21454 10622 10003 32593  5347 14679 20039 
14102  7899 28203 25871 29035  5449 18540 32201 12509   308 13955  5585 
 9969 25188   111  7706   409 16625  8260 30473 22422 27401 27560 28369 
12261 10676 18995 22711 11698 27216 31160 13385 25358  9139 11513  2011 
 3840 12660   836 30223  5144 22219 19085  8145 23298  8084 18164 22199 
24277 14842 17668 26546 18131 32122  7120 27404  7667 32505 32308 31108 
 2076  5413 21486 31038 14543  5304  8634 31896 21070  7018 30528 18432 
28058  4800 21961  7348 28366 29701 26796 10302 28908 13317 16024 18341 
 9022 19904 30345 24800 31061  5901 26483 16353 11081 27611 21035 25615 
22658  7229 29526 10621  4723 17304 26435  9621  7623 31384 15153 17951 
28767 20877 19368 23876 16067 28368 13050 27922 31518 15237 17675 11889 
32719 17379 15592 10449 25097 22341  1394   281 18890  3904 19309  9605 
 6537 15926  7992 20318 25272 13434 23424  1783 23693 30275 12609  6257 
28986  6793 24697  4266 12105 23102  1915  3148 29271 10038 20387  1018 
23014  1725 20047 16629 20533 17572 12738 23617 21588  1804 20421  3817 
18844  8462  5135 28907 24164 20671 22639 29530  9485 17143   294 21068 
18141 18968 18420 23779  9607  8251  4316 27918  4863 32360 29122 30805 
32173  1173  7026  3708  2176 21581 22490 16093 22226    59 21907 16107 
16533 28021 17410 23974  2022  2800 22485 14880 23123 31816 20297 21787 
14787 32060 19458 20732 29581 20470 17837 19732  5387 18736 22055  9364 
27722 20696 14523 18081 11963  8403 20947 31537 14234 22260 22255  8194 
19812 22107  3877  3431  6629  6861 20413 17103 21972 10639 24566 24993 
32077 26849 28327 24345 21195  3244 29936 23532 10447  2071 12397 23477 
14299 17743 32155 26399 19098  2990 23718 10083 18940 21397 13169  8894 
22174  7339  8712 18392  1182  9914 16168  6408 30693  9085  9437  7094 
28756 29563  4637 19943  9331 29293 11029 18910  4812 27636 21175  9365 
 3411 23027 16729 16219   666 30549 17681  3656 18516  2226 19676 31304 
15938 10693 16448 22727  7497 22512 20157 28280 15826  1835  2183 17974 
27190 19955 27782 11748 30066 15464 18503  6511 27161 10716  3793 19401 
 2684 19578 28605 22236 14017 24040  7248 17820 12235 21557  2483 17429 
 7737 16393 15795 13162 24188 30062 32608 26292 16099 10578  4452 28235 
 8596 25909 19515 27148 23936 26716 26004    45 19248 16295  4629 32356 
10345 14674  3277 22754  6530  9183 16699  9588 20483 12337 24957 20493 
29818  6046  9132 28711 10674  5283 30980 29869 30681 26427 22357  8371 
28993   386   574 10105 15574 31236 14696 16598 20119 10654 25059 31490 
24970 17810  5252 20549  1175  5836 29016 28925  1970  3370 27582 27823 
12416 17296  7232  3279 27717 24174 12455  1213  9435 27631  8391 20203 
12998 31181  8988   202  9283  1870 11827  8219  3806 30636  7311  1311 
16643 16824 19890  2875  1732  5584 30931 17690 23240  9964 10930  3582 
 5983 29742 24594 28735 31982  6484 20691 23715 23969  9617 20641   136 
27787 13741 20663   371 18842 19772 32757 17349   954 29141 27278 14935 
 4131 25221 25416 18999 11782  5193 24854 23333 25409  3052  3082 20367 
22079  1681 11449 23196  8710  3476 26527   385 10570  4412 27559  8569 
13713 25894 30851 22971 31844  6162 22286  2546 10718 10616 17744 29458 
24843 20165 24033  4621  3143 20683 14529 19347  5886 13026  2910  1653 
24913 24103  8648 12273   985 15949 28890  6158 30601 30679  2580 31907 
 1144 24109 15164 15257  8231   799 29661 23717 12135  2821  4024 20718 
 8404  5509 10601 10385 29861 27314 16691  7876 13113 11902 21176 25025 
22784 18994  2992 24044   376 29214 31136  9600 21142  4454 11076  9763 
15740 32599  6107 26254 11006 14843  6207 28858 16768  7714 27551 20198 
23541  3232 20933  7147 23500 32023 25190 25692 11270 29229 26913 27600 
 1208 12323  6177 22691 24669 28979  3667 28587 15794  7780 31405  6970 
 1064 13780 20977 17102 32720  4571 11167 29929 27659 13203  2894 29266 
10257 18087 16205 31493 10433 31151 11465  1197  1400 26629 10893 21124 
18685 10229 11003  9709 27805 16687  2620 14284 10649 13543 10130 31203 
15143 17545  4701 13199 31762   543 28072 13229  8511 13352  8271 19887 
28819 20030 23612 18252 10226  2820  9762  7880  8493 29136 10977 20893 
 1684  5711 22701  5731 18997 20787 11844 23745   286 23184  6385 18409 
24106 17342  4257 18145 20210 21794 13191 12820 27034 24271  6225 19669 
22542 19081  6280 22381 24298 12598 22981  4168  8104  2380 26438 15201 
 3389 13215 16816 27163  9993 29326 25942  5519 21637  6087 17324 23287 
20279 25226 19361  9469 10409 28846 24553 27851 23598  8255 15093 21080 
 1747 15626 29037 30393  6440 24012 23825 15296 30471  2971 15498 10049 
22290 19399  8483 19392  2065 27829 13206 22940 19000 24471 19784 14551 
10124 16408  2185  3303 20471 26987  2277 27201 29251 23045 25472 17928 
22148 10119 13985 17315 28519 24969 13364    69 22447 29685 24611 28613 
16409  3824 12001 16615 16228 14709 22392 27596  4091 14534 32695 23481 
26718 27483 32516 29547 17364  4781  1972  2054 24409  7151 11293 22328 
26268 31383   468   713 14722 16011  9697 16649  4212 11126  6529  1511 
 7416  6875 12720  5038  8368 30203 19133  9752 31376  5907 28701 20723 
  527 30150  2368 24042  9496  7761 18241 16684  8284  6178  9705  8804 
23895 10059 26471 19210  2842 32269  9078 20952 17703  1401  3745 25641 
28448 26006 29322 27113 15242 25839 21782 10190 18808 14352  6129 20897 
 8794 10207 25776 17729  2015  5689 22170 23932 18321  4541 10157 30821 
26031 12359 32283 21274 10306  4890 20255  8572 11243  5388 17355 23077 
20876  1935 19053 22678  3884 13249  7614 28458  6263  1272 27808 13728 
27962 18272 13020 20022    23 17850 14922  3101  8472 11098  1933 12871 
18365 24700 30678 19938  2878 19202 26194 16447  6267  6122 14123  1513 
 5001 25220     3 27869 25270 20419 13529 15424 24315 30341 31089  2721 
16955  5361 18789  3128 11983  2414 16787 23300 24388 23903  6768 20317 
 1610  8555 21102 15203 26284 20160 10881 16648 12548 13864 17576  2261 
 6181  2755  8992 26708 19819  1703 20827 32521 28041 29190 12525 14478 
17760 15553 23701 26322 17184 21916 10571 22892 25844  2956 30737  2757 
32024  4773 26534  2754 24687 23241  6510  3979 21077 17041   736   534 
18815 24154 18927  1562 14838 17493 24151 12929 16209 11650  8536 20996 
 9336 13441 27887  7705 23187 31637 26030 12200  6981  8705 18253 23597 
26257  8080 26081 23955  6900 17098 20526 27700 25717  1310  6759 10976 
24194 30962 27279 20473 31532 29951 12218 17869 29147 23560 12172 24795 
20393 31708 25873 10432  2773  1216 13918 31879 17946 20896 32723 30509 
 4917 11019  3000  7653 31515 23751 20741  5615  9957 15021 28202 21264 
31178 17664 28761 19385 17714  5763  4048 18077  6444 23340 31280  8283 
 2271 16646 13039 11862 28923  8886 21275 28551 17317   936 17023 20857 
18770  3153 11004 30998 23561  6481  3616 23201  6711 16609  6116 19918 
27540  5929 21769 11384 23761 18214 29068 11432 27893 14512 17593  8701 
20460 29632 29260 20610  6687 16022 16962 25375 25650  8910 20545 30306 
30535 24399 11166 30828 13485 27948  1971 28348 27353 27771  3292 28754 
21784 31558 20144 23698  3447 32322 32078  3329 18561  7569 20113 19787 
28410 13331 25210  6724 30699  1100  2148 28473 12725   760 12917 24360 
19796 21754 25246  9307  5046 28017 23048  5810 14777 22869 24721 32040 
21646  4332 21871 20507  3223  1215   436 30030 15128 26073 22379 14500 
31704 14801 31876 13214 24876 31100 19815 11153  9651  5834 18673 19058 
17786 10843 29144 17811 26163  7102  7915 10999 27799 12947  4126  1130 
17162 24330  7295  1900 21226 27990 18284 14769 32598 17684 26355  2309 
19328 11575 15118 22216 31821 29276  3137   992  8126 10106 15061 18371 
14836 29800 26730 25999 25867  5558 11553 24573  3659 19311  3054 16005 
24745 29178 21312  7017  3003  4736 18490 25376 15433  4539  9277  9866 
 5358 22097  6799 12356 20291  3744 10892 14622 11096 17925  1042 15745 
17508  8252 12521 30189 10040 31014  8182 21863 20479 25278 17875  7209 
29157 31843 28719 15572 30283  6952 25758  8887  3144   274 11730 21408 
23995 12338  6533  2464  8956 31527 29844 26819  7148  4711 26468 15645 
 2705 15703 10542  2468 11207 31658 19570  5525 11476 24950  8135 28962 
19090 23131  4738 17164 10697 18456 12353 13321 23497 14056  5332 14929 
22517 29008 15564 18487 16997  9419  5154 16892 32576 26329 23320 19436 
 9508  5927  8088  7381 21190  9020   856 12463  4134 11184 26495 12907 
 7905  6426  4582 30348 15342  7280 15205  1133  6120 29100  8721 32005 
  869  2854  9308  3910 19651 24939  1952 23385 13908  7432   425 23684 
25652 21008  4218 27553 25060  8502  9358 30776  8001 24654   940  9396 
25432  1983  1532 29728 10325 31021 30682 18465 30711 25804 17789 15301 
 1121  7079 24474 26511 18954 28481 22504 26595 26898 23224 15167 15122 
19916 28957 26567  3306   980  9477 27450 19881  1209  4137 23616 16943 
 6531 19856 15207 21222 27707 21614 15943 16182 27140 15772 16499  3336 
  865 12110 19109 29852 27053 30478 15809 13743 21169  8752 31603 27133 
 6144 12940 14294 26855 22118 15316 19192  9667 26833  7674  1608   907 
14598  6781  8920 19528 24489   800 31853 19433  9516 26452  8418 29860 
25079 28414 31866  1377  3459 12884 14681 24698 10620 14007  5353  2781 
23878 13500 15379 28793  7869 28282  6313 20055  2134 21199  8029  7105 
24592 20917 20247 12938  2640 20314 18572 22720 30159 19493 30752 27699 
27646   255 18013 16364 10768 22606  6911 18563 26099 16337 26414  6345 
26102 15131  1192 28600 13885  5238 25966 21383 32221 28258 21528 21219 
 9060 19588 18778  5586    34 30065  4439 25064 21438 15517 13178  2629 
11787 24369 26605 24116 14149 13559 23586 30304 25810 13082 30292 16356 
26153 15209 32057 19586  9208 15276  4156 14491 21740  7410 30008  4253 
 9641 31903 19855 16753 18096 10501 20530 29177  1360 16373 19066 28386 
16278 18875 11066 18897 32259  2774 16535 16797 19431 32115  4893  4458 
 2766  1856 22043 26241 21930 20757 27045 30578 12600  8769 15561 26633 
22327  7291 16200 31256 22628 21950  4387  3685 21999 20293 20343 22651 
 9585 28025 28996 15540 21662  6882  1434 26172 31645 26106 17270 16982 
27978 26221 17926 15814 32206  1098 25725 25987 23210  6809 25268 23128 
23780 15695  3174  7340 12249 11536 18333  3733 10126  3646 25665  7370 
25852 17716 21445 19552  6036 29183 11130 22100 28583 22713  1499 19621 
13117 18579 10030  2963  1899  6870 15352 22772 31330 25388 32011 28745 
 5789  6716 26364 15174 29080 23502 18643 32621  4321 15967  6089 26878 
25934 30210 18852 23833  3334  4562 31332 19408 15139 10405 11057  4188 
 9275 12576 28510  1704 25074 17494 21498 15224 21854 27815 18086 29055 
28656 30686 15614 19942   538 11999 29602  5434 17371  6519  8074 22258 
22075 17117 19513 27647 15864  7411 17417 18050  2340  9661 16861  4237 
10741 13149 24083 16508 12245 24918  8921  2567 16039 22095 29466   885 
11481 29474  9361 14807 20622 25714 16116  8303 26171  6108  9250 32562 
24680  8879 24956  1833 15271 29662  4818 17095  9501 30452  4758 26714 
25361  2374 22106 11092 18775 14449  1357 18147 22753 23195  8709 28470 
19715 17643  9932 12057  3286 32161 22156 25977 32000 15998  1731 15375 
 8237 31329  3276  4485 24465  7886  6860 23536 16134  4624  8176  1323 
16430 19701 19768  6099 24653 16368  5791 11683 29840 14825 26508 10123 
28447  4176  2389 15392  7924 27185 18454  7872  9304 17284  1680 14980 
27110 19499  8223  6506 27784 28948 10863  4055 12400 17087 21369 24027 
 8331 21888 13243  6442 29364 22883 26600   646 31980 28821  7185 25034 
31147 28038 22122 23621 27580 29626  4260 17212 16049 12427  3048 12928 
24500  9244 25565 27226  6190 12439  5644 25775 16886  7692  6450  4930 
16095 13903 19321 12747 14661 19686  5369 19771  8305  8065 21881 29148 
  228 21699 21538  6439 14945 16007 18763 25305 23542 17426 12370 16734 
16028 24436  3748 20558 30854 26055 22537 25563 11234 10606   394 20315 
13527  6409 30741 27186 28941 23742  5389 17794  9740 19444 12733 23679 
12691 31371 32387  9441 14589  6868  4847 19755   223 22169 16626  1256 
 5992 24439 18427  8208 25110 13361  2296  1049 22217  9817 16714 20506 
22865 32329 25254 24135 22929 16296 19216  1592 18664  8597  5581 23870 
26972 26147  6141 11671 29272 17759 16928   328 26921  2422 29482 32417 
 2488  8091  1411 28575 21241  9819 26827 10949 17403 26749  3880 20729 
17564 15787 27142  6021 17395 19209 17687 29333 15912 26520 11640 16883 
26861 19169 29199 17893 28300 27119 15983  6316 14715 29859 24986 21327 
17552 31547   858 14019  2425 13582  9643  7180 13718 20953 24662 31649 
24010  8460  6121  9943 10224 16948  2274 29716 22531 26933  5554 16614 
 5320  4865 21779 26354 15311  2173 20499 25461  2988 20594 31621 10067 
 6019 27373 30051 19601 29191 26646 12507 18470 14213 22380 23132 12537 
 8010 30107 10764  1384 22765  9533 24119 25630 21857  6842  8848 12344 
11702 11685 10801 24728 28917 28343 32042 26687  3541 28705 26372 22842 
14926 18635 24090 10424 31767  3297  5498 29586 18282  2480    54  9404 
24331 27316  2604  6909  6460 30676 16242 18573 27785  1464 29086  5096 
17952 23301  4227 11655 19154 14538 31085 25316 21320 17340 10208  9359 
13905  6757 29975 30157 23383 11322 10164  2942 18884 23370 14353  5962 
23059 32335 26854  7239  6145 11935 28204 26986  4202 32471  5863 18447 
21937 27867 24543  5785  2601 16865 14650 31946 15557 21562 17504 17920 
13209 17008  5807 12742 26943 19357  8235 19096 28012  8221 21669  4359 
 8306  6880 12099  9213 22800  7963  1803 30468 26768 12396 25410 28954 
18998 12629 29768 30852 27506  4885 27934  8017  2349  3697 22092 27180 
19235  6428 13238 10680 28350  7619  4816  1611 14248  6321 32735 16773 
 5310 32311 13508 22249 25093  9240  2224 28423 31221 18557  7679 21945 
28630 16237  3111  8419 26874 27394 26451 10556 26696  2120  7914 18089 
21594 24945 18357  8063  3999 29837 21988  2799  7548 15654 18835 11832 
 3587 10196  3606 26178 31276 16630 15196 30346  6705  7983 25335    57 
16464 24658  4664 22894 19713 27761 20403 19148 16680 14782  7879 16579 
15129 18850  1742  5109  3002 15754  1763  9777 28027  6319 21823 30952 
 8487   128  1580  7347 17453 31322  6836  8209  3131  3800 15158 31579 
 9400 29401 22361  6936 26845 27993 21083 21522 27479 18955  4180 19611 
28763 27598 11189 26512  8725   122   477  3096  5692 24652  9366  7075 
20914 26591 29772  5656 23098 29107 12171 28876  8449  6058 31292 18301 
27638 14300 23450 27657 32243   259 16737 10827    71 12673 13530 20559 
27245 17048  6926 28135  3938 10460  7302 22878  3895 16784  4628 21630 
29770  3386  5125 23676 31088 12939 22996 18449 20924 18315   193  1455 
 3701  5113 11764 29982 18942 18761 20072  8477  3766 16395 16909 31448 
22459 18534 11069 15860  3195  5002  1478 15156  5648  3899 27128 16472 
17721 19731 30221 28405  2895 19978 18184  2658 21079 17016  4727 23673 
14464  9991  8357   757  3610 16266 29813 23660  7269  9180 31789 26067 
 2731 23222 26667 17784 13474 22428  3950 18816 22931  9354 27089  5640 
25596 12684 18669 22901 24397 26461  4149 19367 12381 28940 22161 12233 
12012  8981  3862  5782 21644 25126  5695  9767 11599 17202 24563 24545 
10236 15719 10476  3057  2232  2427  6109  3746  8482 28565 15327 21790 
29059 28450 27090  7948  4448  5335 16548   284 19323 11803  8200 31098 
30349 32501 29912 29546 11994  7493  2172 20416  1643 20484 25090 28141 
 9922 20281  5500 18336  9785 19352 32182  8309 31452 12802 13876 17411 
29060 12805 29894 25823 24498 26950    19 23734 23063  9577   944  1925 
12162 22348 11421 24861 16775  8184 32601   692 11216 14678  4695 14240 
17699 29328 31258  2734  5241 18817 27587 10841  2669  6564 24782  7089 
13914 10815 13972 14882  7528  9116 10954  3835  9809 31056 22715  4465 
 2033 23713 11045  7175   568 10081   179 25405  2105 14944 29336 26137 
24147  1576  7628 22432 10163  5555 16102  5436 25610 24107  8156 28818 
20708 10078 30894  3700 13210 22254  4804 32016 18322 31391 13881 27418 
19022 11619  8567 27307  2555 22965  1039 30922 14490 21925  5279 20900 
15152 31379 21433 24484 29628  1075  8849 12453   628  5571 13632 21212 
16676 19746 10533 14045 24096 31670 24679 26396 22417 23911  4650 22962 
 4538 31083 16279 10540 18848 21300 15363 26622  9770 15022 32164 22508 
 9124 13790 28237 13052  7918 15789  8249  4039 29308  5647 11489 29101 
28281  8023 11996 12119  5939 18591  2921 32535  7307 19314  6459 26200 
16945 17868  7285 10330 15823 24323  3715  4696 23768 28330 16372 17616 
13966 20083 17537 22028 23746   826 16041 25135 23188 24065 24152 18650 
32304  3612  8173 25492 14242 25855 28997 12409 19139 29467 20916  7417 
25495 32618  7890 14382 20121  7922 22740 10844 31142  4023 18428 19466 
11369 11620  5840 29170 19194 29464  3402  4626 29024 10362 22450 21663 
19800 17383  2951  9233  7014   719 27768 13333 17283  1052 32330 14677 
18387 15760 30570 28960 13846 12612 19804  2889 29638  6867 12916 24140 
15397 24477 27835 16314  8836 28725 13765  4722 14652 13373  7967 28304 
17540 15447 28502 21449 32545  1381  9224 11717 21286 12589  2579  1486 
 7332 19639  4404  9970 16483 11651 11102  9710 13956 29354  2366 21378 
 7135 16843 16454  7796 11692 19832 20285 14163 22888  1138 16311 27156 
10342 24599 27601  3591 31351 11758  8856  5419 28439  8832 26801 14275 
11226  9587 29730 14364 27327  9246 15713 12278 13860 26127  4483 12276 
13983 32412 15300 26881  3472   267  8025 21129 21698 20065  7645 29712 
26263 20457 13420 29244 20527  9532 26806 28208 29781 22764 25165 24749 
27780  1387 16795 27047  6619 27923 15970 27171 11759 21198 25452 17446 
 1992 25168  4647 32390 28881 18309 23284 28647 16424  6822  9774 26568 
23736 11952 29831 26919 30997 10969  3801 13757  8995   401 20143 25285 
 4503 24008 10652 10279 23232 12047 26562 21805 28636 21025 32430 18117 
 3505 27063 11930 16420 29319 18310  1103 24067 13092 23261  5716  8593 
14200  5522  7943 15648  8096  6269 13844  1590  8333 28535 22644  7695 
18937  4814 21468 20779   277  8267 14823 23416 24037 19748 22839 28556 
17166  9001  8844 29245  9629  9846 31331 11361  9247 32464 24336 30586 
28678   731 27159 25640 13555 28084 31153 14847 30523 31822 24376 32692 
19488 13274  8890 10069 22176 18360 30458 13499 28513 15315 28714 28156 
 1814 18460 16570 23472  4574 21830 23302  8359 16167 12985   217  3631 
22588 21664 11850  5367 29974  1821 24207 11946 27406 24634  6892  9529 
15963  1341  4569 29738 12578 18207 28359   419 17908 22014 26808  2720 
 8378 15580 11407  5318 28161  5727 13030 14021 12866  4047  4668 22974 
21184  2535  5707 15141 17182 20621 23355 25238  6949 15910 23216 25905 
 4956 27254 22210  4918 14298 12342  6883  9082 26476 31433  7481 11516 
   46 14335 23605  5948  1271 22082 21546  9793 24902  3692 29981 15882 
15045 19046 13528 17328  4536 29625 31155  8532  2892  7090 12803 10228 
 3827 24753 20344  4568  4858 14309 19001  7606 31415 16751  6954 11686 
16077  6272  2741 23844 10464 27269 17415 12573 21962 28044 17189 25223 
31981  8843  4339  2896 15208 24686  8609 25166 10494  1439  8094  9459 
24647 13339 14169  1834 18289 10600 20209  9222 26962 11342 21667 10435 
27891 21513 32704 21783 28102 10131 13997 18665 12800 29851 14099 11497 
29702  7143  5889  7909 19998 26670 20556 28465 18577 21838  3681 26834 
29481 13584 29491 12059 24529  6215 19900 22909 12753 16866 10222 11707 
16452  6268  1169  2915 27563 20051  2947 13124  2832   484 32211 13521 
30982 18018 20394 21700  4641 13627 30226 18863  6357 20454 21919 13552 
 7178 13298  1453  2596 18646 31053 18292 16893 18518 27592 25814 22558 
14524  2413 24226 24146 24386  8966  1030  5336 31427  6007 32452 27280 
27288 27734 14531 18682 26011  2746  5112  4742 22238 31135 25626  1448 
 7671 20250  3965  2784 16794 28040 15817 30709 18659 25902  1424 22959 
11601 20415  7942 13666 13617  8166 31202 20417 30155  6279  3160 10776 
 6523 23652  9130  4372 24657 11470  2342 10367 10109 10004 26584  5631 
31094  4720  8565 27872 28961 18061 18565 18539  9005 10287 31914 17279 
19051 13346 14783  9570 30939  6927 22412  3649 16413 31899 19487 11309 
15935  8353 11665 28275  6776  8616 26283  5127 18248 28992 23672 22261 
23873 16894  1004 23245  4685 30357 31233 13539 26146 29736 10898 16380 
25444 11009 13200 32218 14233  8374  3304 22203  8580  4098  4311 13442 
17350 25504 19863 10668 32496    51  5879 11256   452 30391 23108 18038 
30433 11036  5938  1345  8740  5404 24540 16318 28378   150 27633 15280 
19302 30271 28712  6944 21800  7618  3108  5219  1659  2177 10455 27949 
28800  2780 31077 10318 16999 10912  7011 22202 31636 29111 21850 14278 
27558 32418 17230  6039  5325 29747 10285 19914 31578 28639 32030 10763 
 9241 22687 22745  5587  8683  5288 15386 12986 16457 16171 22543 26209 
15270 27268 31934  7009  5224   212 16197  2083 13089 31752   101 15149 
 4834 16653  5975 24025 13895  3664 22681 31993 30504  5923  6396 24108 
27093 12198 14415  1969 18377 21908 28933   229 19769 27361 25884 20289 
 3021 18024  9998 18118  8456   662 16451 10459  4792 27838  4751 13337 
14177 19496 14655 32410 31758 24866 16352  2026 29079 31422  8915 10013 
29300  3168 14189 23986  3450 17749 22164 15666 21317 28817 12173 22466 
30953 12661  1667  2561 26638 18560 28780  7383 19565 20998 22593 11824 
  501 15903  7711 31195 30758 12651 15389 21141  3576 14591 18662 18920 
17847 25661 20798 10714 11674 20637 21003 29636 13680 11518 24719 24562 
29081 27939 28982 13154 27122  2196 30406  4192  3953 14860  3509 11926 
 1694 10790 16832 21266  2182 16841 18000 21504  6237 19525 14683  7463 
 9448  1487 17878  1916  4385  1397 25963 29788 22335 13390 30508 15070 
29785 10155 26958 10529  5179 16808 19763 21110 11313 11547 31345 16143 
25676  2073 20850 32069 16884 29359 21143 10730 15108 14515 14225 31989 
 3448 20231 12961 32056  4707 26017  9111 31017 18819 10623 17481 30619 
14624 20633 32181   224  9832  3550 16044 13227 16244 21151  7251  7589 
 8164 14084 11099 13672   812 11107 22455 26707 16730  3129 18970 31722 
21333 13244  3289  3190  5191 28054 11643 29839 30290  3238  9929 23002 
 1454 16251 23227 32722 14808 30627 17752 26239 14675 28384  2367  3239 
14680 15222 29969  5122 30612 29654  7404 24780 14098 21081 15834 20265 
 4276 12675 30487  5182  4373 32685 26662  2255 21508 22604 27855  3718 
 2960  9238 29877 24710 32693 15096 16718 20649  1578 13289  6826 28515 
11072 18217 18858 22657  7486 31171 29724 27861 19587 30202 20686 30007 
 1167 19681  7604 10481 31028  7554 28236  1086 21185 31245  4933 25442 
20791 10710 27802 25978 31404 24564 12789 20169 12384 19459 16090 16064 
27908 21301 12269 27061  9787 20017 30350  6180  4396 17126 21847  9334 
17777 14861 32253 22849 32144 10213 12306 27297 29512 27464  9303 11712 
12809  3549 23520  1901  3018  7691  8175  1290 14707 13018  4413 23435 
10561 17955 31521 11767 23877 17890  8649 17602 15077 21116 23812 32061 
29365 23947  3346 25261 28245 16863 25573 20472 30164 11040 30230 14638 
19609  5874 30102  1770 28398 22721 20443 22718 25394   529  8684  4625 
 4648 10246 20930  1496  4661 27341 23699 18180 29556 10324 11368 29416 
13054  7468 27586 15132  2075 18965 27352 28731 20480  1159  3010 23114 
16903 27496 27947 11630 25834 20964 24872 14533 27349 21403  6412 25920 
13353  8041 31485 32711 21753 20571 12613  5542 10422 10793 23937 31214 
 7656 14602 15530 22372 28976 13927  3848 14379 24538  8529 22401 24251 
31117 32756  8930  4414 21396    91 30501 29784 19504 18235 28640  8904 
17465  7981  4924 22259 25537 13941 22265  1669 32575 28298  3747 27393 
14101 19287 17948  3033  9726 19141 17578 20748 13081 18352  7460  2665 
31564 20812 23874 26789 20800  9894  7566 14455 28557  7492 28894 12274 
 6349 31084   347 27342 20854 19233  6592 29683  2062 18273 19946 29756 
24018 10276 24664 14074 20634  7053 24503   607 19185 23204  4497 18652 
11059 30788 14507  1699  4467 29112 31039 24231  1768  6059 26609  7477 
18861 14676 26253  7897  4982 23295 17326 11559 18903  3246 26990 26408 
20305  2728  1780 14345 20011 12837 15894 12051 17156 15743 12312  3405 
 3559 10055  1069  9414  8384  5824  4748 27031 17486 26129 15182 21091 
15883 23669 20544 28654 20662   344   976 29237 15966 16263   769 29313 
14274 11860 17433 31005  8261  7570 32019 28075 25464 12794 13701 21134 
17722  1738  8392  8775 12070  2474 13723 15032 20150 14914  6928 29564 
32499  2760 24473  5445 22215 17414 11282   219 21284 32284  2999  6445 
23683 11359  1947 28232 18421  2768 27085 20147 25763 26295  6748 12080 
14191   511  6156 17724 32230 30183 31978 25417 21279 17939   389  2810 
31302 18760 13830 25730 26791  8128 20905 15298 16989  6232 31724 25157 
  472  9852 20841 32606 15154 12231  6923 10698 24674 12913 10577  3371 
  849  4854  5343  9517    88 32655  8763 16180  9010 28187 30385 25006 
  831 10230 25500 23269 24792  9141  7234 14014  2154 26922 11880 15731 
12965 15101  8767  9994 27451 29202 32734  3103 29684 28945  5294  4027 
26113   508 13226 25385 13705  1652 26498 12116 31849  2108 16361  7978 
 1131  2356  7106 25099   973 19008 17065  4159  8704    87 13735 20468 
15921 17807 30957  9845 20552  9127 31832 26214 27058  8139 13930  5256 
18463 15734 19282 32191 29810 31078 23540 32750 26019 25531 17747 13347 
16840  6307  2748 28422  7938 10876 15544 26852  9901  1466 28608 19991 
12291 31666 20950 19830   338 29483   464 23230 20773 22442 23576 24293 
13970 29187 25225 12679 20246 20719 20086 19292 13325  3122 28545  1980 
13428 11525 15647   714  4578 22997 26335 32405 25042  8102  1919 24463 
24571  9227  8299  1849 28284 28569  6871 18130 19754 21568 20485 28544 
15318 12279 16809  1677 32466 17510  5604  8507 23774 28898  8087 24495 
  956 16418  9219   754  8165 11440 27026 12746 23332  4616 25186 13141 
12203 20780 29665 31596 21131  2518 17196 15028  1831 15479 20568  9323 
29173 13882 32729 19599 23939 17160  3166 23732 29544 28064 20373 14637 
 7052 15616  9388 22777 14198 18044  1622 27927 28168 20890  4324 24257 
32071  3388 26645 32147 23046 20618 13376 24613 14421  5532 18210  5891 
16605 26630 11987  5729 11417  3567  7813   165  6330 27511 28627  1383 
29815 17089 28955 12009  4979 29345 24396 31942 18838 27197 10979 28558 
16190  9287  8003   296  6124 21629  2622 10331 17523 12310  2137 12936 
17227 12328 31107 24895  4983 17733  6002 29961 21914 17605 27042   743 
26723 16503  6079 20063  5847 23724 18726  5293 27181 14511 16924  8127 
16320 19073  7822  5203  1161   375 16897 15624  1698  9826 10419 22807 
 5574 11773 31600 27452 22146 26822 11762 31667  6245  6930 27779 14831 
 9202 31341 31806 29324  8822  4427  1538 22346  2899 22018  8036 23279 
 6355 19968   346 20287 28426 22707 31819 28159  5677 10048 26804 14616 
26610 21269 28966 10853 13370 30583 12126  4317 15179 10209 25614 18464 
27719  8089 12730  9976  4771 17378 16985 27383 14406 14955 19898 25116 
17178  7201 18316  4460 22334 17674 24814 21425  4986  8436  1520 17758 
24635   171 30170 18637 20494 13856 27262 30435 13767 10471 13077 26928 
 7657 26790  2857 21165 27346  8695 30765 10317 27972 20232 30160 17728 
 2209 14753   234 32715 19857 14850 25710  5094  2859 16567 26828 30541 
30027 31520 14615 30881 31043 21363 12486  7629 32657 29261  3278 13466 
14465 11934 29077 18369 25903  4006 10994 19310 17229 10544 18786  8224 
 3418 27524  2416 19790  6644 31242 18953  8760 32228  5557 22686   816 
16363 21420 15919 15123 17903   679  2470 20461 24760 28620 18694 12785 
 2007 13525 19705 27956 29686  5507 18413  2682 20792  6906  9294  2897 
27305  5022  3575 19814 25958 23423 19821 19808 31004  3407 23941 28015 
 8188 22474 21547 26478 22903  1751 30070  7365  1037 25497 17988 12150 
10703 12878  3944   169  3695  4270 18416 26191 10708 26389  2314 20973 
 8298  4690 21130 18790 11982 21773 23539 31644   410 16301  3557  8606 
 2460  5461  4234 32765  4659  8589  7854 12924 18812 15503  2453  9137 
 1430  9056 29195  2078  6726 32124 16588  4872  2949 32199 24454 20881 
 7203 27913 26902 24899  6552  9981 32126 22171 12461  6621 10615 29264 
 7159 11494  9841 30683 27277  6750 18327  8396 30941 12850 22776   672 
 8060  9446 13566 19400  5348 17217 11703  6854  9494 32612 23747 28746 
 1874  2698 10848  4922 20263  6654 25290 11375 31750 29099 22094 29146 
14271 14495 23637  3994 30574  5966 22556  3545 17838 12893  3434 20308 
19879 10379  5541 10662 28334  1718  4264 10505 32276 30936 32192 26802 
17600 31743 11626  4186 14692  3847 21768 14925   473  8228  6559  4469 
 1727  5504 30131 32721  6360 19831  1251  3732 28893 19425 23430 15567 
28784 15068 25256 12933 15729 22546 32087  4599  7817 22731 30365 29704 
 8689 10705  9549  4093  7176  4501 10953 25545  3580 30618   726 25756 
11997  5176 21933 15199 13419  9601  9884 27318 11192 31446 14623 22495 
31325  1431 24699  5793 27098  1595 15328 18390  4177  9632 18134 30269 
22284 19345 30142  7874 25960 20826 12217  5247 17623  1450 14369  9883 
18859 12622  3055 30773 13731 13996  1427 22383 29041  1640 13429 30128 
17357 31662 29542 16315  7274 27716 11709 31290 18300 10559 29384 20682 
  479 29444  2673  7637 15410 10854  2239 19056 21938 14143  1405 22303 
29516 25130 31145 11387 18692 15185  8291 28278 22956  7029 30603 28768 
 3314 31443  4044  6314 13437   977  6447 31583  3069  2666 12204 11753 
19291 16131 16983 10025  9120 20944 32120 25065 27179 19147  6784 18250 
  180 29735 18758  2037  4094 15163 31641 14223 26864 20894 32502 21550 
  660  7025  3135 32398 18446  7456 20740 17979 24342  8581 17093 29397 
14173 28409 31316 14197 21346 11217  7910 22050 12790 25833   718 13296 
21506 26443 25345 15922 21202 23036 12368  6608 29387 28672 22738 11916 
26814  1326 15884 24055 18810  6183 22120  2578 32275  4145 26432 28621 
 4570 13994 17014 32287  9350  7696 32293 17715 31227  9371 28987 15927 
 1828 32245 14250 25667 31503   531 25872 27762  9678 24213 24022 28762 
 9680  9065  3428 31057 11060 31969  8587 28497 21742  9292 28142  1690 
29570 17086 15511  9556 15558  9037  7030 20730 30020  2722 27757 31839 
20131 11452 21694 21477 11396 23799 21058  3464  9317 22175 11587 27794 
17188  6596 26697 29753  8641 16243 20352  8268 21572 17609 12229  4466 
20788 16694 32627 18276 13924 30667  4436  1298 20009 29575 23527 17645 
 7824 27091 10782 14887 11010 30192 23347   595  1278 11713 13855  1067 
24588 28969  3328 25666 30761 17579  8373  2891   618  8892 18776 22787 
14458 17483  7499 15186  1447  8256  2223 26777 13228 25864 22464 17181 
17971 21934  1661 26927 31149 29987 13329 32031 16492 12074  9305 27658 
23988  8238  6184 16206 12527 25708 15351 15278  5775  8123  2724  5441 
18291 14916  9736 25479 15761  9284 29529 32513 32214 30606 30017 13533 
29934  6486 27521  2502 26181  4233 31241 32713   559 16812  7762  1285 
20326 27725 17863  4593 29824  8585 27931 15950 25732 28750 17319 25488 
19988 23403  6566 14287  5036 29164 30204  6393 18986  8484  8334 20201 
11425  7575 24047 23490 16771 30637  8586 28567 25429 24694 32514 31929 
 9997 28113 28476 27903 28468 11405 28786 10541  8454  7495 29789 23067 
 5799 25229 12546 29637 12551  5985  5637  7974  5049 12674 21024  4078 
21390 19699  4012  2841 18985 31947 28133  1710 14117  9648 32285  4162 
10135 11082  6234  6103 31601 15675  4768  3885 31380 11631 24071 30626 
25102 14911  3302  6369 28400  3138 18845  6831 24118 11402 16371 27698 
17006  3614 16470 10349  1985 23375  1944 20188  6277 15669 26860 14461 
 7818  4011  1115 14764 27853 21159 32447  4002 17804 23327 21917 13374 
19902  2687  2127  9329 14129  9546  1787 19259 12275 20396  1926 10982 
 9058 22470 11356  1654 27669 29727 22952 19247 19211 32582 25796  2140 
17770 11789 17106  7132  9920 18373 20215  8296 17712 23462 29498 10071 
24041 24584 23167  3032  3412 32481 11037 14817 25247 17186  4325 23727 
 7276 26075 13541 29302  8974 14218 13446 19026 29252 11111 26530  7799 
19656 10458 18213 32014 17311 18917 19835 13367 19724 19198 25521   616 
 8533 27049 32268  8187 15180  5934 17577  3466 22700  8071 13884 22775 
29130 22785 26739 14700 23437 18660 23225 21357 11355 31109 11486  6063 
10829 26666  5010 15989 30375   343 16658 31273  9225  4772 26368  1074 
 5739 27008 18303 12565 24535  2911  7931 28247 19175 30046 17936 12153 
 6275 26429  5634 10778 18011 25956 29955 30252 16482 28429 20363 12605 
  698  2131 12149 27886 17710 20810  3063 27789 21488 21865 20467  5814 
12138 14982 21194 12232    42  5059  8575 31516  5675 18948 28130  9209 
21687  6994 12868 13901 15811 10452 16326 28825 31152 25487  1473  9618 
19114  4755 25655 25171 31444 26818 24586 11204  1237 17423 31052 23153 
13647 15911 26033 18133 25287 28875 18294 24450 32270 32127  3154 14228 
 9694 22832  1412  9858   725  7928 25959 12205  6717 29246  6633 25425 
28679  8741 10219 24585 17849   998 27680  6478 30553 18230 20294  4158 
27041 10781  1950 29776 29887  4706  4875  3293 17009 18556  5868 19563 
15119  6100  4846 22030 18551 14597 23930  2282 30480 30289 29543 31769 
 9644  3896 30517 12086 27108  5700  8861   300 30674 28684 15099 15510 
 3874  3245 12680 31451 29014 25004 21189  1458 25502 16900  8619 17641 
23521 24736  5482 13167 12973 22708 30248  8217  8220 10573  8907 16262 
12867  3588 18006 16799  8027 10328 29689  7050 21248  3458   603 17003 
12642 24763  5382 27778 27510 26514 14107 26503  6869  4802 20391 29382 
21649 30182  8679 22751 13577 27901 30870 32089  9031  6317  1134  2764 
30860  8229  1510  7479  1567  5458 20184 16348 18574 26848 13519 26220 
14854 21236 31787 22484 25849 11430 13241 16109 30630  6441 25098 17434 
28291 26671  5673 28713  8546 30907 17122 27040 25941 32106 10341 18834 
28816 29377  7607 23824  7535 11949 21186  2817 19789 24952  4990   650 
20722 27570 12294   303 31531  8465 15758 21659 29588 13288  4759 26793 
26676  1810  2898 11955 14156 24185  7001 20926 29152  5539 21353 10506 
 6721 13675 27267 26213 30302  1745  6271 11466 21924 10150 26734 11886 
19111     6 25988  1293 26949   414 26472 24905 14755 18706  2880 25637 
26280  5649   929 13706 18331  6470   461 31453 25113 17018 30293 17438 
17262  3760 15117 20586 25460  5955 30744 15582 21112 12515  3736 13207 
22616  9725  8873  1631  9458  2714 18014 10034 24472 12187 19692 12402 
17636 31274 28418 12487 27283 11411   789 23525 23950 24394  7646 17696 
15555 31120  1838 26799 13991 10278  1825  7358 27114 12876 23174   363 
11467  2794  8691 24962  5178 22006 27796 18036  6699 30163 27552 11008 
 6193 18408 11504  4577 18933 15275  5248  3788 22142 10363 10186  5950 
25605 29522 23628 28530 14096 11602 24542 19018 24334 10386  9147 32414 
 2860 15897 16645 18843 19453 11274 23949 32198 28774 14067  7753 13637 
24870 18442 17557 14705 12095 12614 23334 14632 15417 30076 11682  5869 
10037 25888  1512 15413  6996  3534  4670 28926 20302 31121  7866 15924 
31293 29898  6695  8862 15331 17731 11310  5683 32263 13430 10421 20796 
23422  1083  9418  3779  5391  6918 22349 16038 27460 27714 25153 10627 
19390 24238  8834  6013  7727 15198 29629 23047  4118 31397 17598 21948 
19140 27985  3833 29733 20943  8676 25239 32714  8867 30768  9572 30472 
17287 11567 29461  3982 15778 11973  1564 13610 24167 28648  3757 30663 
16677 16160 13304 29168 19396 23951  8658 28337 11820 29885  8700 26274 
11914 17553 12695 25890  6863  5757 21516  9099 32628 12113  1252  7155 
32459 25625 24085 25330 25367 28889   358 32609 15279 13726 25938 22179 
18943 
